100 1000
0 86
20 25
12 78
9 84
24 92
81 93
7 49
2 84
0 76
13 70
5 57
61 76
35 41
18 19
40 60
86 87
51 74
49 78
31 74
38 40
12 59
29 96
0 17
46 97
47 93
5 72
23 97
12 95
65 96
78 98
43 76
0 55
83 85
14 43
10 75
45 78
26 54
32 77
56 58
70 94
9 93
25 91
95 98
28 32
32 35
22 42
55 56
35 46
27 93
31 44
54 87
8 12
50 79
31 51
78 89
29 95
11 90
36 55
34 81
64 95
13 51
76 87
42 67
55 71
17 25
23 68
17 83
21 90
56 82
13 97
44 77
41 85
24 59
14 50
47 64
3 11
68 91
1 15
15 43
21 68
4 12
80 85
44 55
35 70
0 36
62 79
10 92
21 46
72 74
55 93
17 24
7 37
63 88
77 89
13 44
62 66
6 80
47 99
69 91
17 84
3 82
57 98
11 26
49 83
0 5
46 85
61 65
15 48
6 72
85 89
0 59
22 74
20 54
59 85
33 69
19 52
47 62
21 55
4 17
13 87
32 49
70 98
62 95
9 81
18 56
36 95
50 65
13 75
5 62
11 39
27 65
23 31
72 87
54 91
51 71
66 80
41 54
61 78
89 91
6 87
12 62
43 56
2 51
30 89
11 19
44 67
94 96
32 79
85 98
92 99
14 38
20 61
71 83
60 84
21 48
32 72
22 63
33 53
23 62
34 94
73 78
36 70
37 80
18 32
1 46
63 78
16 84
29 42
75 99
40 62
39 94
10 59
52 70
4 28
46 84
0 4
29 68
55 82
3 88
19 65
36 51
13 56
26 96
23 99
56 77
78 96
73 79
60 83
23 89
45 76
6 94
26 52
0 47
60 73
25 89
82 90
28 34
58 62
22 40
2 88
73 89
8 14
63 93
9 15
16 62
90 93
31 86
2 97
8 20
5 91
51 97
16 77
22 94
9 58
44 79
7 85
3 13
9 98
69 81
39 64
80 87
35 72
32 70
33 72
48 96
60 64
3 76
19 20
2 36
8 47
0 92
20 23
45 63
9 46
23 42
72 76
1 80
7 39
27 74
23 53
6 56
12 43
41 51
31 64
20 91
9 26
56 73
78 82
16 68
15 20
44 70
7 82
56 65
67 92
32 93
67 99
59 87
73 97
28 48
26 32
32 51
45 67
11 67
54 78
25 77
81 88
37 85
34 57
8 60
23 25
53 89
40 76
23 93
17 41
41 45
28 93
11 63
18 46
56 92
53 67
15 29
61 96
5 87
10 98
30 97
56 72
73 76
1 19
46 68
20 63
25 44
15 33
19 34
22 61
70 91
14 79
1 43
1 60
95 97
37 94
5 63
26 90
9 34
33 45
16 35
52 64
49 66
13 92
78 90
26 68
23 59
36 52
15 26
39 41
65 66
20 87
55 74
45 57
69 76
22 53
56 79
14 47
27 86
3 6
21 71
45 74
52 59
32 33
14 81
20 44
48 62
25 95
37 38
37 71
2 43
15 95
0 3
22 46
51 54
11 87
62 81
24 77
39 81
4 53
10 32
64 67
8 48
63 95
37 40
29 91
35 56
26 63
91 99
57 77
30 73
24 35
76 83
5 89
38 57
66 89
49 55
30 83
1 66
14 54
18 77
25 62
8 66
4 8
26 61
32 88
33 78
14 88
70 85
59 80
57 64
67 89
30 31
45 93
19 22
35 80
22 33
11 76
1 22
77 96
74 98
25 74
40 46
1 86
22 27
5 49
68 72
1 26
50 56
42 54
14 23
33 80
10 31
16 70
15 22
39 53
20 67
44 64
7 76
90 99
53 75
60 99
58 95
56 67
89 98
68 84
57 73
28 50
32 53
11 69
33 48
35 65
28 40
0 75
31 45
61 77
40 42
62 63
49 79
65 85
17 47
10 65
42 49
5 75
6 75
43 60
39 50
67 93
11 23
41 75
42 91
54 83
88 97
4 63
21 82
22 64
19 62
27 90
0 54
33 88
13 29
29 36
57 82
2 59
2 52
35 94
0 44
6 82
5 25
70 89
12 68
27 36
1 41
83 90
6 22
72 92
55 62
37 92
22 62
39 65
63 74
5 99
38 62
9 32
38 72
73 84
52 66
49 64
63 80
57 70
6 66
12 49
1 4
8 17
41 87
7 66
12 15
75 89
41 79
22 91
6 79
2 21
35 97
0 13
83 91
47 65
3 8
1 8
25 59
21 69
45 72
19 45
26 48
23 51
82 86
54 55
15 89
9 27
25 71
40 41
91 93
4 55
51 89
52 73
8 50
45 73
35 58
16 50
17 51
13 45
20 88
9 21
42 77
14 18
45 48
23 71
16 65
42 71
13 96
7 81
13 82
18 75
25 60
15 49
21 78
53 80
43 81
44 97
33 76
5 11
29 30
71 91
9 72
1 59
25 38
45 91
80 97
93 97
41 92
61 88
12 80
9 82
24 86
30 39
52 80
8 57
50 64
22 25
48 80
11 36
18 25
40 54
36 72
41 55
13 38
8 69
4 98
43 57
17 78
34 82
46 95
53 96
5 73
69 70
6 37
21 87
53 95
34 97
22 75
46 65
3 28
18 92
60 91
23 65
15 36
21 49
19 33
34 91
0 87
63 97
9 91
23 63
81 92
82 98
86 91
32 45
31 47
72 93
39 95
54 93
1 71
17 45
41 56
31 53
21 27
29 45
89 93
40 67
43 62
27 55
13 57
19 90
45 60
0 32
49 57
13 19
19 64
2 24
30 86
63 94
20 59
25 48
58 78
19 38
52 56
94 99
3 45
9 92
1 47
75 96
81 85
44 68
8 39
32 36
22 43
31 32
3 49
5 47
34 38
37 83
29 94
53 69
18 37
41 88
36 48
43 55
8 19
20 83
18 63
6 90
20 30
1 20
18 98
17 82
50 62
7 90
24 60
46 83
90 96
57 89
58 73
21 67
4 13
40 65
43 90
26 62
24 34
21 45
36 75
28 56
2 39
13 83
32 59
48 69
52 83
26 30
77 99
24 81
52 75
7 36
31 59
40 49
3 71
54 65
10 54
8 26
64 87
13 43
18 54
45 46
16 67
8 96
39 56
26 31
7 83
23 75
16 89
8 70
56 64
13 28
30 80
13 86
70 73
27 52
10 68
25 36
47 57
45 89
37 76
19 77
29 92
12 82
16 21
81 89
39 74
52 82
32 40
22 31
5 61
29 80
35 37
27 64
53 90
10 49
6 20
0 23
7 59
31 78
28 92
74 82
55 84
40 94
53 68
29 55
67 70
39 49
65 74
76 92
22 77
32 86
17 62
32 83
11 99
3 30
68 80
10 79
66 96
58 69
19 35
32 73
14 73
27 35
33 52
84 91
39 67
54 57
87 93
48 73
11 95
33 46
85 94
36 45
10 56
17 67
28 91
18 40
74 93
25 99
40 69
48 81
0 20
92 93
3 20
16 87
84 94
2 22
50 60
42 97
55 97
52 58
55 77
56 61
1 36
75 98
4 46
58 63
13 23
59 62
24 76
25 66
38 75
49 68
7 41
31 60
28 82
79 86
24 62
6 11
49 94
21 84
44 50
77 92
42 78
48 53
3 94
64 72
31 96
2 17
33 85
12 97
69 80
25 63
58 87
26 60
24 36
71 94
27 49
25 33
6 13
38 55
34 69
18 66
3 83
62 91
24 83
36 83
22 26
32 54
35 62
42 47
16 54
72 83
12 36
1 73
58 66
27 99
42 73
40 89
8 98
39 58
22 86
12 24
69 89
22 72
7 73
20 49
3 27
59 86
37 47
25 42
45 87
63 98
35 86
0 84
53 55
16 23
2 86
0 74
11 88
26 80
9 56
33 43
23 24
6 48
12 35
51 72
17 40
14 25
52 96
15 28
14 51
65 72
31 77
11 20
30 45
91 94
46 99
47 83
4 32
13 22
12 85
14 37
57 83
21 61
45 80
19 37
98 99
20 38
9 95
25 85
82 94
4 33
7 20
31 43
5 36
28 76
35 44
6 43
54 81
79 91
8 10
41 60
31 49
28 85
26 69
9 11
74 91
25 97
12 48
49 91
30 71
19 94
11 13
76 85
7 67
92 95
55 75
13 98
66 95
85 86
56 80
7 89
5 90
46 76
3 9
68 89
25 52
49 77
1 77
0 34
56 63
12 66
0 40
47 55
75 87
37 70
58 61
7 13
6 57
29 32
23 46
6 34
17 26
50 72
13 84
35 51
3 66
10 11
38 48
64 84
28 74
40 84
5 34
10 21
49 54
64 74
28 96
21 26
7 86
42 86
46 87
54 56
23 83
11 57
4 9
19 51
2 9
32 89
24 38
67 79
71 88
60 67
18 52
21 41
2 35
35 83
7 10
92 97
74 99
23 39
40 47
36 93
7 32
22 24
16 40
72 85
41 48
13 39
9 31
5 65
40 91
30 91
44 65
13 81
68 79
1 27
8 74
45 85
19 56
24 45
20 51
51 55
57 72
58 70
86 96
2 58
